far_field = 17                              # distance of points from antenna in the far field
number_points = 11                          # number of points per path
height  = [0,3,4,7]                    # number of vertical meters BELOW the antenna
number_paths = 4                            # Number of paths to be run


[[17, 0.0, 60, -20], [17, 0.0, 48, -17], [17, 0.0, 36, -16], [17, 0.0, 24, -15], [17, 0.0, 12, -14], [17, 0.0, 0, -13], [17, 0.0, 12, -14], [17, 0.0, 24, -15], [17, 0.0, 36, -16], [17, 0.0, 48, -17], [17, 0.0, 60, -20], [17, 10.00797980144134, 60, -10], [17, 10.00797980144134, 48, -7], [17, 10.00797980144134, 36, -6], [17, 10.00797980144134, 24, -5], [17, 10.00797980144134, 12, -4], [17, 10.00797980144134, 0, -3], [17, 10.00797980144134, 12, -4], [17, 10.00797980144134, 24, -5], [17, 10.00797980144134, 36, -6], [17, 10.00797980144134, 48, -7], [17, 10.00797980144134, 60, -10], [17, 13.240519915187205, 60, -7], [17, 13.240519915187205, 48, -4], [17, 13.240519915187205, 36, -3], [17, 13.240519915187205, 24, -2], [17, 13.240519915187205, 12, -1], [17, 13.240519915187205, 0, 0], [17, 13.240519915187205, 12, -1], [17, 13.240519915187205, 24, -2], [17, 13.240519915187205, 36, -3], [17, 13.240519915187205, 48, -4], [17, 13.240519915187205, 60, -7], [17, 22.380135051959574, 60, -17], [17, 22.380135051959574, 48, -14], [17, 22.380135051959574, 36, -13], [17, 22.380135051959574, 24, -12], [17, 22.380135051959574, 12, -11], [17, 22.380135051959574, 0, -10], [17, 22.380135051959574, 12, -11], [17, 22.380135051959574, 24, -12], [17, 22.380135051959574, 36, -13], [17, 22.380135051959574, 48, -14], [17, 22.380135051959574, 60, -17]]
